## htsjdk.samtools.metrics.StringHeader
# picard.analysis.CollectMultipleMetrics INPUT=/home/dnanexus/in/sorted_bam/NGS200B_25_192564_FC_F_BRCAv2_Pan1449_S1_R1_001.bam OUTPUT=/home/dnanexus/out/moka_picard_stats/QC/NGS200B_25_192564_FC_F_BRCAv2_Pan1449_S1_R1_001 PROGRAM=[CollectAlignmentSummaryMetrics, CollectBaseDistributionByCycle, CollectInsertSizeMetrics, MeanQualityByCycle, QualityScoreDistribution, CollectAlignmentSummaryMetrics, CollectInsertSizeMetrics, QualityScoreDistribution, MeanQualityByCycle, CollectBaseDistributionByCycle] REFERENCE_SEQUENCE=genome.fa    ASSUME_SORTED=true STOP_AFTER=0 METRIC_ACCUMULATION_LEVEL=[ALL_READS] VERBOSITY=INFO QUIET=false VALIDATION_STRINGENCY=STRICT COMPRESSION_LEVEL=5 MAX_RECORDS_IN_RAM=500000 CREATE_INDEX=false CREATE_MD5_FILE=false GA4GH_CLIENT_SECRETS=client_secrets.json
## htsjdk.samtools.metrics.StringHeader
# Started on: Fri Jan 12 16:48:03 UTC 2018

## METRICS CLASS	picard.analysis.BaseDistributionByCycleMetrics
READ_END	CYCLE	PCT_A	PCT_C	PCT_G	PCT_T	PCT_N
1	1	9.644972	39.728083	41.431902	9.195044	0
1	2	19.654381	32.258269	28.404321	19.683029	0
1	3	28.440207	20.698988	19.15771	31.703095	0
1	4	32.116535	18.27278	18.350281	31.260404	0
1	5	32.099497	17.461129	18.317863	32.121511	0
1	6	31.897602	17.543455	18.46985	32.084871	0.004222
1	7	30.251381	18.901685	20.323997	30.522635	0.000302
1	8	27.562363	21.323521	23.122331	27.991785	0
1	9	24.440303	24.384665	26.656172	24.51886	0
1	10	23.503956	26.100848	26.714223	23.680973	0
1	11	25.806826	23.512853	24.531073	26.149249	0
1	12	24.106927	24.591385	27.086198	24.215489	0
1	13	21.993438	26.793533	28.986635	22.226394	0
1	14	24.530922	24.043147	25.451587	25.974343	0
1	15	29.117512	19.403784	20.14095	31.337754	0
1	16	30.317423	17.747009	18.277906	33.657662	0
1	17	30.968945	17.539384	17.96941	33.522261	0
1	18	30.084015	18.920382	19.60975	31.385853	0
1	19	27.651926	20.893344	21.625986	29.828744	0
1	20	29.251707	20.316307	20.912493	29.519342	0.000151
1	21	28.694875	20.550771	21.403585	29.34504	0.00573
1	22	28.195038	21.26155	21.738318	28.804944	0.000151
1	23	28.118743	21.87025	21.58422	28.426787	0
1	24	29.497328	20.372247	20.649381	29.481044	0
1	25	28.740712	20.496791	21.288238	29.474259	0
1	26	28.041091	20.989391	21.927396	29.042122	0
1	27	29.353634	20.433916	20.852482	29.359967	0
1	28	28.579829	21.129768	21.624629	28.665774	0
1	29	27.914435	21.875377	21.966147	28.244041	0
1	30	28.009728	21.478221	22.011682	28.500368	0
1	31	28.785192	20.775283	21.565674	28.873851	0
1	32	28.131107	21.644231	21.679513	28.54515	0
1	33	28.475188	20.955616	21.460429	29.108767	0
1	34	28.62627	20.99301	21.696702	28.684018	0
1	35	28.698946	21.351566	21.379611	28.569878	0
1	36	28.276761	20.939332	21.980019	28.803889	0
1	37	27.449428	21.929507	22.218402	28.402662	0
1	38	27.411281	21.833008	22.601686	28.154025	0
1	39	27.698367	21.844316	21.728517	28.7288	0
1	40	27.818237	21.371469	22.119038	28.691256	0
1	41	27.21798	22.042743	22.962353	27.776923	0
1	42	27.470538	21.742539	22.516495	28.270428	0
1	43	28.036869	21.603067	21.859696	28.500368	0
1	44	27.936298	21.498275	21.721882	28.843544	0
1	45	28.360293	21.156456	21.718716	28.764535	0
1	46	28.263793	20.876457	21.672125	29.187625	0
1	47	28.062652	21.529637	22.021634	28.386076	0
1	48	28.07773	21.359105	22.190056	28.373109	0
1	49	29.081325	20.481412	21.462842	28.974422	0
1	50	27.744807	21.656444	22.372349	28.2264	0
1	51	27.661124	21.8122	22.321838	28.201521	0.003317
1	52	27.84191	21.196714	22.124919	28.793334	0.043123
1	53	28.442167	20.866957	21.641516	29.046947	0.002412
1	54	27.956955	21.440828	21.809034	28.786851	0.006333
1	55	28.162167	21.229584	21.977757	28.581488	0.049004
1	56	28.756242	20.820215	21.297737	29.124599	0.001206
1	57	28.163223	21.525265	21.95137	28.337374	0.022768
1	58	28.252334	21.226116	21.912469	28.609081	0
1	59	28.297116	21.473095	21.91262	28.31717	0
1	60	28.430406	20.99497	21.3389	29.235724	0
1	61	28.227003	21.194905	21.894828	28.683265	0
1	62	27.960725	21.481689	21.928452	28.629134	0
1	63	28.100649	21.304221	21.579998	29.015132	0
1	64	28.350341	21.173946	21.748118	28.727594	0
1	65	27.92891	21.574118	21.999771	28.497202	0
1	66	28.318527	21.131275	21.711177	28.839021	0
1	67	27.771646	21.55527	22.158241	28.514843	0
1	68	28.273293	20.988034	21.865275	28.873399	0
1	69	27.840553	21.500838	21.899502	28.759107	0
1	70	27.504162	21.802852	22.513781	28.179206	0
1	71	28.00234	21.500688	21.706201	28.790771	0
1	72	28.526604	21.165653	21.52828	28.779462	0
1	73	27.961629	21.385944	22.124165	28.528262	0
1	74	27.875835	21.546223	22.025253	28.552689	0
1	75	27.874177	21.434495	22.029927	28.661401	0
1	76	27.554221	21.627494	22.393006	28.424827	0.000452
1	77	28.1201	21.31568	21.680267	28.883953	0
1	78	28.119346	21.512147	21.934332	28.429953	0.004222
1	79	27.529643	21.852006	22.745983	27.872367	0
1	80	28.454832	21.201388	21.513052	28.830728	0
1	81	28.082405	21.412783	21.771338	28.733474	0
1	82	28.129599	21.206213	22.091445	28.572743	0
1	83	28.337525	21.242853	21.694591	28.725031	0
1	84	28.295005	21.092676	21.638953	28.973366	0
1	85	28.005507	21.574419	21.790337	28.629738	0
1	86	27.88835	21.65765	22.010325	28.443674	0
1	87	28.052248	21.375238	21.838134	28.734379	0
1	88	28.370848	21.056036	21.853363	28.719753	0
1	89	28.274499	21.424091	21.382174	28.919236	0
1	90	27.992841	21.285976	21.907493	28.81369	0
1	91	28.09311	21.277231	21.665792	28.963867	0
1	92	27.842513	21.273763	21.833309	29.050415	0
1	93	28.084968	21.181636	21.789131	28.941099	0.003166
1	94	27.90765	21.424242	22.039728	28.627928	0.000452
1	95	28.013799	21.492545	21.636239	28.857416	0
1	96	27.807984	21.230941	21.678156	29.277641	0.005277
1	97	28.363308	21.223252	21.882614	28.530826	0
1	98	28.119949	21.588593	21.795463	28.495995	0
1	99	28.191268	21.570197	21.804962	28.433572	0
1	100	27.536127	21.56869	22.234385	28.660798	0
1	101	28.256405	21.250694	21.512599	28.980302	0
1	102	28.011688	21.146203	21.973535	28.868574	0
1	103	27.935092	21.614225	21.8315	28.619183	0
1	104	28.163977	21.449121	21.664887	28.722015	0
1	105	28.044559	21.39876	21.811446	28.745235	0
1	106	27.636848	21.711328	22.280072	28.371752	0
1	107	27.917752	21.669562	22.00927	28.403416	0
1	108	28.124472	21.48561	21.753999	28.63592	0
1	109	27.75898	21.720827	22.088882	28.43131	0
1	110	27.483354	21.789583	22.300427	28.426636	0
1	111	28.050741	21.57261	21.808883	28.567767	0
1	112	27.919712	21.699416	21.920913	28.459959	0
1	113	28.026163	21.77541	21.619653	28.578774	0
1	114	28.013799	21.575927	21.649809	28.760464	0
1	115	27.570053	21.923627	21.738468	28.767852	0
1	116	27.51155	21.822755	21.929809	28.735887	0
1	117	27.787478	21.719018	21.662324	28.83118	0
1	118	27.290355	21.925436	22.377325	28.406884	0
1	119	27.64303	21.735905	21.945641	28.675424	0
1	120	27.682233	21.882162	22.128387	28.307218	0
1	121	27.837386	21.555572	21.823508	28.781121	0.002412
1	122	27.773455	21.960116	21.920159	28.34627	0
1	123	27.671075	21.84884	22.067622	28.412463	0
1	124	27.538238	21.896637	21.941871	28.623254	0
1	125	27.535373	21.582411	22.027967	28.85425	0
1	126	28.109243	21.625835	21.6866	28.578321	0
1	127	28.044257	21.853966	21.355637	28.74614	0
1	128	27.572616	22.152813	22.070638	28.203934	0
1	129	27.9945	21.739825	21.676347	28.589328	0
1	130	27.606843	22.110594	22.000223	28.282339	0
1	131	27.678313	21.974289	22.081946	28.265452	0
1	132	27.533111	22.095516	22.527201	27.844171	0
1	133	27.338152	22.030681	22.214784	28.416383	0
1	134	27.552562	22.221116	22.116776	28.109545	0
1	135	27.499337	22.081192	22.211919	28.207552	0
1	136	27.246779	22.214331	21.982582	28.556307	0
1	137	26.968891	22.539112	22.212371	28.279625	0
1	138	27.5212	22.232123	21.973837	28.27284	0
1	139	27.485766	22.121149	22.094461	28.298624	0
1	140	27.465109	22.503227	21.96298	28.068382	0.000302
1	141	27.554371	22.369484	21.762141	28.313099	0.000905
1	142	26.988643	22.571379	22.448493	27.991484	0
1	143	27.184658	22.526598	22.17935	28.109394	0
1	144	27.126155	22.583291	22.340987	27.949567	0
1	145	26.754029	22.782774	22.69909	27.764107	0
1	146	27.025283	22.624153	22.360438	27.990127	0
1	147	27.032219	22.764077	22.214331	27.989373	0
1	148	26.697939	22.760006	22.491767	28.050288	0
1	149	26.777249	22.828762	22.584196	27.809793	0
1	150	27.172294	22.463119	22.216744	28.147391	0.000452
1	151	27.101427	22.798606	22.105468	27.9945	0
2	152	10.416516	39.309516	38.575065	11.387391	0.311512
2	153	19.575071	27.559046	32.380099	20.48307	0.002714
2	154	31.440436	18.606759	20.522726	29.43008	0
2	155	30.592447	17.956744	18.806241	32.644568	0
2	156	31.878302	17.890401	17.76088	32.470417	0
2	157	31.371981	18.132102	17.909248	32.586669	0
2	158	30.217606	19.538582	19.385992	30.85782	0
2	159	27.387457	22.741611	21.704844	28.166088	0
2	160	23.963837	26.284046	25.039504	24.712612	0
2	161	23.458421	26.55711	26.096325	23.826174	0.061971
2	162	25.226472	24.310481	24.202673	26.146082	0.114292
2	163	23.495814	26.392457	25.519589	24.493529	0.09861
2	164	21.952426	28.491773	27.095999	22.420448	0.039354
2	165	25.29176	25.220743	24.351946	25.108713	0.026839
2	166	30.563647	20.043847	19.844817	29.498987	0.048702
2	167	32.557568	17.795107	18.166178	31.432595	0.048551
2	168	33.049414	17.360709	17.829485	31.760392	0
2	169	31.089419	19.098454	19.262352	30.549776	0
2	170	28.401456	20.866656	21.378857	29.353031	0
2	171	29.146462	20.326711	20.922595	29.604232	0
2	172	28.714175	20.587561	21.238782	29.459482	0
2	173	28.044257	21.364684	21.69444	28.896619	0
2	174	28.209663	21.512448	21.810843	28.467045	0
2	175	29.329359	20.450049	20.539462	29.658512	0.022617
2	176	28.886215	20.688283	20.946268	29.459331	0.019903
2	177	27.782804	20.96798	21.766966	29.473957	0.008293
2	178	28.310083	20.913699	21.40464	29.361927	0.00965
2	179	28.312043	21.216165	21.57849	28.885913	0.007388
2	180	27.862416	21.450779	22.167891	28.513184	0.00573
2	181	27.744204	21.356692	22.168494	28.726689	0.00392
2	182	28.37522	20.868616	21.700924	29.052827	0.002412
2	183	28.099292	21.340408	21.830143	28.722618	0.007539
2	184	28.098689	21.129014	21.804209	28.96447	0.003619
2	185	28.382005	21.090414	21.484554	29.034432	0.008594
2	186	28.36361	21.513655	21.837833	28.282641	0.002262
2	187	28.032044	21.208777	21.795162	28.957987	0.006031
2	188	27.532508	21.635184	22.12522	28.703921	0.003166
2	189	27.309655	21.896486	22.765283	28.028576	0
2	190	27.552864	21.803605	21.820794	28.822736	0
2	191	27.445206	21.541549	21.986804	29.026441	0
2	192	27.206823	22.244035	22.555095	27.994047	0
2	193	27.460737	21.717661	22.524788	28.296814	0
2	194	28.055113	21.56884	21.830294	28.545753	0
2	195	27.423343	21.753546	22.152361	28.67075	0
2	196	28.153121	21.154194	21.804962	28.881239	0.006484
2	197	28.11045	21.250844	21.677704	28.951955	0.009047
2	198	27.853972	21.593568	21.985145	28.557061	0.010253
2	199	27.792605	21.387904	22.410798	28.399647	0.009047
2	200	28.804944	20.746785	21.604877	28.80992	0.033473
2	201	27.402385	22.030228	22.507599	28.046519	0.013269
2	202	27.433446	22.195031	22.391046	27.966756	0.013721
2	203	27.742998	21.269843	22.072447	28.914713	0
2	204	28.151914	21.062067	21.669411	29.116608	0
2	205	27.590559	21.799836	22.240567	28.369038	0
2	206	28.22248	21.197167	22.096572	28.483782	0
2	207	28.619334	20.929079	21.520741	28.930846	0
2	208	28.086174	21.606234	21.859997	28.447595	0
2	209	27.909309	21.417457	21.918349	28.754885	0
2	210	28.239065	21.394689	22.001279	28.364515	0.000452
2	211	28.423319	21.043823	21.241345	29.257738	0.033775
2	212	28.040789	21.376746	21.961322	28.616318	0.004825
2	213	27.921522	21.476412	21.978058	28.617977	0.006031
2	214	28.135932	21.3389	21.399212	29.122488	0.003468
2	215	28.225797	21.188874	21.850197	28.728046	0.007087
2	216	27.875685	21.409465	21.97248	28.686129	0.056241
2	217	28.13367	21.285825	21.844165	28.736339	0
2	218	27.895738	21.55919	22.031284	28.513787	0
2	219	27.849147	21.249035	22.049076	28.852742	0
2	220	27.657505	21.693988	22.189302	28.457999	0.001206
2	221	27.4826	21.701075	22.476086	28.332398	0.007841
2	222	28.095221	21.418663	21.736961	28.749156	0
2	223	28.250826	21.106849	21.638501	28.987992	0.015832
2	224	27.691883	21.495109	22.477142	28.335866	0
2	225	27.534921	21.558889	22.334654	28.571536	0
2	226	27.438572	21.713137	22.12326	28.725031	0
2	227	27.552864	21.602917	22.400847	28.443373	0
2	228	28.241478	21.151631	21.638199	28.968692	0
2	229	28.254596	21.292309	21.927698	28.525397	0
2	230	27.303925	21.988613	22.696075	28.011387	0
2	231	28.212377	21.198976	21.690671	28.893754	0.004222
2	232	27.945044	21.444145	21.965544	28.644816	0.000452
2	233	27.89031	21.235465	22.28369	28.590535	0
2	234	28.290029	20.992708	21.733945	28.983318	0
2	235	28.190213	21.266676	21.742992	28.800119	0
2	236	28.016061	21.398911	21.897089	28.674218	0.013721
2	237	27.885938	21.339051	22.27208	28.500669	0.002262
2	238	27.997666	21.265772	22.057821	28.678741	0
2	239	28.231376	21.211038	21.741484	28.816102	0
2	240	28.446992	21.055131	21.626288	28.871589	0
2	241	28.023751	21.173042	21.915786	28.887421	0
2	242	28.256104	21.225362	21.622367	28.896167	0
2	243	28.013498	21.119213	21.987708	28.879581	0
2	244	28.104871	21.16505	21.952124	28.777955	0
2	245	27.98304	21.302261	22.068677	28.640292	0.00573
2	246	28.010784	21.384737	21.925587	28.677384	0.001508
2	247	27.867844	21.200634	21.923627	29.007292	0.000603
2	248	28.165635	21.114388	22.13683	28.58194	0.001206
2	249	28.143772	21.527074	21.690972	28.637729	0.000452
2	250	28.011688	21.597036	21.946093	28.445182	0
2	251	27.54638	21.557984	22.270422	28.625214	0
2	252	28.128543	21.302261	21.963885	28.605311	0
2	253	28.248414	21.065384	22.02857	28.657632	0
2	254	28.066723	21.31372	22.055258	28.564299	0
2	255	28.132614	21.311458	22.248106	28.307821	0
2	256	28.222178	21.467365	21.825016	28.485441	0
2	257	27.968113	21.524059	22.149043	28.358785	0
2	258	28.02541	21.469174	22.040029	28.465387	0
2	259	28.000531	21.463746	21.870703	28.650847	0.014173
2	260	27.794414	21.604425	22.346566	28.20318	0.051416
2	261	27.598249	21.740428	22.370841	28.243136	0.047345
2	262	28.301639	21.326838	21.928753	28.43312	0.00965
2	263	27.928307	21.741484	22.270572	28.03898	0.020657
2	264	27.848996	21.543509	22.216442	28.387584	0.003468
2	265	28.076675	21.607892	21.882765	28.428144	0.004523
2	266	27.857591	21.742238	21.96283	28.437342	0
2	267	27.873121	21.545319	21.986502	28.595058	0
2	268	28.026163	21.313117	22.15025	28.508661	0.001809
2	269	27.539595	21.535065	22.760458	28.164881	0
2	270	27.949869	21.255066	22.137132	28.657933	0
2	271	27.90373	21.496315	22.32033	28.277364	0.002262
2	272	27.946702	21.352621	22.202269	28.498408	0
2	273	27.947908	21.60548	22.119641	28.310385	0.016586
2	274	27.771043	21.720375	22.401751	28.081952	0.024879
2	275	27.767575	21.651468	22.159598	28.416836	0.004523
2	276	27.904333	21.299396	22.277508	28.513184	0.005579
2	277	28.339184	21.326988	22.120395	28.194585	0.018848
2	278	28.152517	21.655238	22.024951	28.158096	0.009198
2	279	27.68555	21.787321	22.669839	27.853671	0.003619
2	280	28.473378	21.201992	22.017714	28.306917	0
2	281	27.88835	21.706051	22.200158	28.205291	0.000151
2	282	28.003848	21.576078	22.282183	28.137892	0
2	283	27.76652	21.860299	22.678434	27.694748	0
2	284	27.467974	21.931015	22.802074	27.798636	0.000302
2	285	27.876589	21.634731	22.461461	28.01591	0.011309
2	286	27.807833	21.916691	22.478197	27.796826	0.000452
2	287	27.902071	21.680719	22.365263	28.051947	0
2	288	27.287792	22.114515	22.633049	27.964645	0
2	289	27.931172	21.841904	22.368731	27.858194	0
2	290	27.737268	21.79486	22.685822	27.78205	0
2	291	27.656751	22.015603	22.601083	27.726563	0
2	292	27.803159	21.837229	22.467643	27.891969	0
2	293	27.447317	21.968107	22.941847	27.642729	0
2	294	27.507479	22.012286	22.674363	27.782653	0.02322
2	295	27.497829	21.909001	22.768299	27.801802	0.023069
2	296	27.215869	22.251725	23.000651	27.51351	0.018244
2	297	27.32413	22.159447	22.885455	27.618905	0.012062
2	298	27.377204	22.305101	22.759403	27.540801	0.017491
2	299	27.182848	22.307815	22.771465	27.693391	0.04448
2	300	27.366499	22.116475	23.121728	27.390322	0.004976
2	301	27.630666	22.108634	22.760458	27.500241	0
2	302	27.359865	22.253836	22.8942	27.492099	0


